task1_precision:0.47161572052401746
task1_recall:0.7248322147651006
task1_f1:0.5714285714285714
