task1_precision:0.6031746031746031
task1_recall:0.5100671140939598
task1_f1:0.5527272727272727
