task1_precision:0.6645962732919255
task1_recall:0.5376884422110553
task1_f1:0.5944444444444444
